1.423727658081054770e+01
-2.947688290405273293e+01
-7.509741683959960667e+00
1.150752451324462911e+01
-2.410474536514282207e+01
-8.570988021850585170e+00
1.135920538330078067e+01
-2.057995462799072328e+01
-1.233985859680175778e+01
8.405277664184570341e+00
-1.749501369667053297e+01
-1.035621299743652379e+01
7.312914260864257443e+00
-1.274701074600219641e+01
-1.376354035186767533e+01
6.296557373046875128e+00
-1.331110908508300739e+01
-1.121499485778808669e+01
3.738970153808594432e+00
-8.888709724426270498e+00
-1.150800016784667967e+01
2.870966567993164631e+00
-1.164753591156005896e+01
-6.717492874145507997e+00
4.834781082153320142e+00
-1.482436879730224533e+01
-6.743752838134765781e+00
8.705348693847655639e+00
-1.962598348999023301e+01
-8.471215698242186676e+00
8.223834564208983622e+00
-2.311941607666015486e+01
-3.560305664062500597e+00
4.863754714965820014e+00
-2.062388078308105577e+01
-1.403829040527337924e-01
6.760540359497070995e+00
-2.085913083267211832e+01
-3.418063247680663608e+00
1.014128392028808534e+01
-2.625323512077331500e+01
-3.549212905883788238e+00
8.149757171630859887e+00
-2.801301416206359818e+01
2.195865966796874957e+00
5.992343429565429425e+00
-2.585751760482787986e+01
3.756673553466796989e+00
9.177768783569336009e+00
-2.737260021972656077e+01
-4.620833129882804258e-01
1.153105181884765607e+01
-3.291131293869018748e+01
1.494525253295899248e+00
8.702552047729492202e+00
-3.317952241516113077e+01
7.092823989868163537e+00
8.137195190429686420e+00
-3.110015588378906415e+01
5.763255096435546676e+00
1.214901378631591733e+01
-3.513976043701171648e+01
2.896840194702148708e+00
1.214079897308349665e+01
-3.909801058197021462e+01
7.456085403442383353e+00
9.165644088745116491e+00
-3.741547413253784526e+01
1.108932794189453119e+01
1.023226154327392479e+01
-3.641505025482177871e+01
7.945893722534179915e+00
1.408424761199951192e+01
-3.880264407348632716e+01
3.482004364013672415e+00
1.303286568450927696e+01
-3.377275358581542974e+01
-3.255691680908210373e-01
1.490403796386718760e+01
-3.283212516021728788e+01
-4.905192642211913423e+00
1.276024317932128938e+01
-2.780265712356567320e+01
-6.669041854858399176e+00
1.431388763427734290e+01
-2.548837673187255959e+01
-1.223164646911621034e+01
1.214237835693359457e+01
-2.134152646446228019e+01
-1.293045668029785134e+01
1.196190435791015716e+01
-1.691668633842468239e+01
-1.767239987945556479e+01
1.008243598937988317e+01
-1.443856533813476517e+01
-1.700181516265869064e+01
8.312852645874023949e+00
-9.233816692352295519e+00
-1.966679734802245960e+01
4.704986114501952699e+00
-4.329521102905273366e+00
-1.854855984497070409e+01
1.613736663818357897e+00
-2.467633819580077770e+00
-1.490406300354003832e+01
5.260357666015629263e-01
2.629172325134277344e+00
-1.872052018737792878e+01
4.309384277343749403e+00
3.258143768310546307e-01
-2.315272979354858407e+01
4.942042022705077642e+00
-3.486326934814453438e+00
-1.995989186096191403e+01
1.381351501464843423e+00
7.187527465820320316e-01
-1.812723082733154456e+01
2.634996780395507443e+00
3.501599639892577720e+00
-2.366661170959472571e+01
6.170867874145507415e+00
-9.706783828735350284e-01
-2.514612680053711102e+01
4.395607528686523935e+00
-1.893764884948730298e+00
-2.076603280639648474e+01
2.104465209960936889e+00
3.441989311218261349e+00
-2.260588079833984310e+01
5.325657089233398978e+00
2.955225234985351612e+00
-2.807199661254882983e+01
7.605427307128906023e+00
-2.158374542236328075e+00
-2.646589968872070386e+01
4.679501152038573863e+00
-5.709974174499512500e-01
-2.281549672698974618e+01
5.987650108337402521e+00
-3.904817464828490792e+00
-2.143518769836425975e+01
9.776385528564453864e+00
-7.061894958496093722e+00
-2.489744165802002129e+01
9.188551078796386662e+00
-8.654529293060303274e+00
-2.196969374847412126e+01
1.171466130828857466e+01
-1.433037574768066413e+01
-2.017891550445556703e+01
8.631211189270018735e+00
-1.344686424255371016e+01
-1.542587854003906322e+01
6.799221038818359375e+00
-1.523100243568420353e+01
-9.951231040954588991e+00
4.242660331726074041e+00
-1.350366264152526696e+01
-7.152357261657714460e+00
2.632390228271484389e+00
-9.613279750823974013e+00
-8.606488937377928750e+00
1.813042350769043409e+00
-1.121779999542236439e+01
-5.232075790405273708e+00
-2.932806854248042328e-01
-7.069789077758787954e+00
-6.054133483886718459e+00
-2.122560852050781932e+00
-5.950888153076171250e+00
-3.917106369018554801e+00
-5.164527099609376393e+00
-6.182238616943358522e-01
-4.349072250366210923e+00
-7.220443473815919333e+00
7.024449157714833802e-01
-2.019761489868164173e+00
-8.753211441040040341e+00
6.020378173828124346e+00
-5.257607688903808807e+00
-5.108322341918945853e+00
3.990726181030273878e+00
-9.745049026489258637e+00
-6.074079818725586222e+00
3.145229179382324602e+00
-6.968111976623535320e+00
-9.267898773193358863e+00
8.589124160766601790e+00
-7.243738197326660355e+00
-6.951496383666992074e+00
9.675162445068359318e+00
-1.282304341125488278e+01
-4.275855659484863125e+00
4.984068679809570135e+00
-1.244239848327636722e+01
-7.276550617218017436e+00
5.825700302124023011e+00
-7.796068237304687898e+00
-9.086212951660156634e+00
1.116547146606445295e+01
-1.054108369445800797e+01
-5.545641010284423800e+00
9.618421722412108466e+00
-1.538741109466552714e+01
-5.334028430938721144e+00
6.093139923095702848e+00
-1.173635836029052726e+01
-1.890663364410400504e+00
1.262492652893066669e+00
-1.263145928955078112e+01
-2.979471240997314752e+00
-1.734564048767090583e+00
-7.154481445312500298e+00
-3.083507585525512518e+00
-5.135869216918944602e+00
-3.055358718872070334e+00
-6.245479468345641827e+00
-4.903456039428711222e+00
2.591975936889648224e+00
-5.898451709747314808e+00
-8.958726593017576789e+00
6.598152160644531250e+00
-7.620159406661986878e+00
-1.109407635498046929e+01
1.226970213317871128e+01
-1.158140089416503926e+01
-7.855493408203123806e+00
1.596104827880859389e+01
-1.064682496643066401e+01
-1.265811048889160162e+01
1.972619567871093693e+01
-8.049653665542603420e+00
-1.365178193664550932e+01
1.600914839172363457e+01
-1.063921626186370872e+01
-8.268085594177247089e+00
1.467242909240722781e+01
-1.327403370094299362e+01
-8.931112174987791974e+00
2.036169860839843793e+01
-1.079390524387359562e+01
-1.331029631042480332e+01
2.074997230529785242e+01
-1.140459614562988300e+01
-1.004110800170898443e+01
1.813933471679687415e+01
-1.513579288482666030e+01
-5.072698135375976136e+00
1.941464805603027344e+01
-1.728841473770141590e+01
-4.279215393066404971e+00
2.253001829528808742e+01
-2.077234366416931266e+01
1.227760101318359887e+00
2.272459933471679605e+01
-1.978145375442504772e+01
4.238338012695312074e+00
1.741524595642089679e+01
-1.602379671096801772e+01
7.457062072753899429e-01
1.439631840515136751e+01
-1.533811855697631898e+01
3.734889312744140710e+00
9.682393432617187656e+00
-1.494174917984008744e+01
2.838861862182618268e+00
9.969624237060546790e+00
-1.290668812370300245e+01
3.670029632568359901e+00
5.209113990783690973e+00
-1.577871758270263669e+01
7.784686325073241875e+00
5.857516418457031193e+00
-1.288943895721435595e+01
5.230744735717774319e+00
3.385225547790527756e+00
-1.126137738227844309e+01
-1.791853866577142185e-01
6.550448692321777067e+00
-7.633984222412109943e+00
-1.670803871154785014e+00
1.478099800109863082e+00
-6.855429340362549695e+00
-3.503958679199218551e+00
2.126268142700195263e+00
-7.793328327178954851e+00
-5.786322257995603735e+00
6.500552612304687727e+00
-8.590305313110350838e+00
-5.372022529602052288e+00
7.515617614746093800e+00
-6.354922576904296960e+00
-1.054896324920654394e+01
9.277446624755858906e+00
-6.829876556396484943e+00
-1.000169683837890489e+01
9.537563034057617628e+00
-8.642358673095703381e+00
-6.152743865966797898e+00
8.509207305908203622e+00
-8.002951019287110057e+00
-5.196625244140623323e+00
6.215681991577148402e+00
-1.123175303649902190e+01
-1.650210342407227415e+00
8.183702407836914716e+00
-1.223854479980468923e+01
2.015284561157226761e+00
5.858989929199219127e+00
-1.301988180541992079e+01
5.658498077392586367e-01
8.984282165527343267e+00
-1.397993663024902133e+01
1.947530532836914574e+00
9.193857711791991960e+00
-1.119831179809570187e+01
-2.430459091186520482e+00
9.016840515136717471e+00
-1.233173951721191486e+01
-2.136034027099611876e+00
1.079881741333007739e+01
-1.095695646667480361e+01
-5.096187652587893524e+00
1.162553930664062563e+01
-1.318828121948241971e+01
-6.557521789550783353e+00
1.747653747558593551e+01
-1.244997358703613344e+01
-7.592473175048830569e+00
1.728368722534179724e+01
-1.456890379333496099e+01
-2.024071960449219887e+00
1.485466314697265666e+01
-1.724964804077148273e+01
4.530836181640651716e-01
1.702506185913085801e+01
-1.918447331237793207e+01
-6.788353881835931247e-01
2.194333251953124986e+01
-2.106545692443847884e+01
1.062940063476560226e+00
2.346204711914062457e+01
-2.453664088439941082e+01
5.305435302734373693e+00
2.508434707641601591e+01
-2.288328166198730429e+01
7.630167602539060567e+00
1.932322589111328170e+01
-2.200471411132812705e+01
7.722636047363280909e+00
1.757381021118164099e+01
-2.411365986633300906e+01
1.231721282958984531e+01
1.624402523803711063e+01
-2.630955566406250057e+01
1.374436242675781372e+01
1.871291445922851437e+01
-2.456767712402344017e+01
1.552380773925781199e+01
1.341219421386718835e+01
-2.103009864807128793e+01
1.421986846923828196e+01
8.292390304565429915e+00
-2.327283666992187250e+01
1.974186047363281205e+01
6.148204666137695007e+00
-2.434609625244140574e+01
1.937924822998046892e+01
8.571891983032227103e+00
-2.055859020996093989e+01
1.573305120849609295e+01
5.673420547485351406e+00
-2.044178276062011435e+01
1.993773535156250176e+01
6.281677551269533311e-01
-2.325959906005859068e+01
2.280369805908203062e+01
2.608603164672851804e+00
-2.324762335205078045e+01
2.342406140136718662e+01
1.874066238403320206e+00
-2.337850294494629111e+01
1.933439825439453230e+01
6.813592529296874645e+00
-1.953302365112304528e+01
1.567963641357421878e+01
3.816521240234375334e+00
-1.810918035888671795e+01
1.772176977539062648e+01
-1.190894699096679332e+00
-1.406180401611327824e+01
1.337226153564452957e+01
-3.768055923461913537e+00
-1.431502935791015574e+01
9.590764526367188125e+00
1.046554382324218935e+00
-1.376184696960449116e+01
9.245874450683594148e+00
4.077928009033211509e-01
-1.007020335388183696e+01
6.676454650878905994e+00
-3.547455688476562230e+00
-9.586574584960935397e+00
8.027517730712890653e+00
-6.002991271972655696e+00
-6.604323272705080683e+00
6.681040969848631050e+00
-1.003529023742675719e+01
-7.509030380249022585e+00
1.119014160156250171e+01
-1.351935884094238283e+01
-3.974996124267576647e+00
8.308328613281251052e+00
-1.682121937561035097e+01
-4.409418685913085056e+00
4.941240005493163778e+00
-1.214341842651367109e+01
-5.020382537841797443e+00
5.188143936157224800e+00
-1.128410952758789065e+01
-7.877833374023438751e+00
4.883274597167968523e+00
-5.589568344116210952e+00
-9.867385635375974573e+00
9.208580932617188353e+00
-6.833571533203125270e+00
-1.011245295715331949e+01
1.238017764282226629e+01
-1.001603251647949300e+01
-1.165359326171875054e+01
1.095567228698730489e+01
-5.498236480712890284e+00
-1.436705526733398131e+01
1.239474084472656301e+01
-2.074975738525390412e+00
-1.553459410095214821e+01
1.761711914062500028e+01
-5.886247520446777237e+00
-1.592094859313964861e+01
1.823355787658691440e+01
-5.871259307861327770e+00
-1.819578334045409918e+01
1.688398701477050778e+01
-6.717948913574217640e-02
-2.063518434143066571e+01
2.070449493408203168e+01
1.097001190185546982e-01
-2.131284075927734278e+01
2.498159637451171733e+01
-3.532718124389648384e+00
-2.201093386077880609e+01
2.344902349853515489e+01
-4.676903762817383736e-01
-2.452280353546142777e+01
2.300648486328125131e+01
4.738514114379882791e+00
-2.644870944976806726e+01
2.711473852539062435e+01
3.624642234802245788e+00
-2.555177241516113185e+01
3.037352899169921727e+01
-1.793920867919921669e+00
-2.313557305908203432e+01
3.103846350097656170e+01
-7.076478431701660021e+00
-2.567993986511230275e+01
3.423901647949218585e+01
-5.991589752197265639e+00
-2.544885145568847662e+01
2.998711816406250108e+01
-1.542844261169433517e+00
-2.139511358642577932e+01
2.601430895996093540e+01
-4.564336723327636847e+00
-2.078820628356933753e+01
2.903320037841796619e+01
-9.165038253784178579e+00
-2.311318412780761378e+01
2.990393835449218685e+01
-5.815980644226073970e+00
-2.086850656127929682e+01
2.419496655273437469e+01
-3.460782638549805057e+00
-1.734295736694335943e+01
2.302160205078125088e+01
-8.707993080139159403e+00
-1.888114154052734506e+01
2.700607983398437284e+01
-1.040495819091796825e+01
-2.000316789245605520e+01
2.455839044189453091e+01
-5.496499343872070398e+00
-1.616531846618652679e+01
1.952058148193359344e+01
-6.891629196166991989e+00
-1.446259657287597378e+01
2.153062420654296716e+01
-1.238383198547363229e+01
-1.690858972167968943e+01
2.379186254882812435e+01
-1.040464830017089781e+01
-1.694708483886718398e+01
1.970398095703124852e+01
-5.639947418212891250e+00
-1.366862963867187375e+01
1.474434576416015474e+01
-6.078528015136718921e+00
-9.760597534179687784e+00
1.077157336425781153e+01
-8.827552078247070000e+00
-7.078308471679690683e+00
9.621927093505860284e+00
-1.252474702453613276e+01
-3.840956298828125171e+00
4.221186233520509035e+00
-1.238007714843750051e+01
-7.276071777343773306e-01
2.553517868041993211e+00
-1.628886547851562483e+01
-4.834796142578099420e-01
-1.379649368286131050e+00
-1.223039306640625057e+01
-2.675434005737301391e+00
-2.916403503417967613e+00
-6.366460128784179773e+00
2.450748748779290054e-01
-7.899481781005860626e+00
-6.108622711181642018e+00
1.427772827148459100e-01
-5.464991882324220285e+00
-8.711967086791993609e+00
-3.951753173828123522e+00
-2.000843215942381903e+00
-5.030254791259764602e+00
-3.776320846557617017e+00
-6.406913467407228779e+00
-3.004345550537106391e-01
-1.006621826171873124e+00
-9.112963348388674945e+00
-2.374440277099608920e+00
-3.347030639648437500e+00
-4.482198287963868211e+00
-3.312839126586915484e+00
-6.394946777343747613e+00
-4.489977996826169715e+00
2.396888549804687685e+00
-3.851111267089841306e+00
-1.010383560180664375e+01
4.083348876953124318e+00
-2.259895751953123977e+00
-9.476227386474612047e+00
3.866828308105461076e-01
-6.084273742675783581e+00
-5.288160064697265739e+00
2.732080535888670170e+00
-5.732412353515627501e+00
-1.312872680664064262e+00
-2.489476730346680711e+00
-9.181395385742185056e+00
2.045685424804688068e+00
1.060140533447260225e-01
-1.182090429687499977e+01
1.348793426513672955e+00
5.842934814453125014e+00
-1.253794499206542667e+01
2.678687011718750455e+00
5.657438949584960852e+00
-1.068457882690429983e+01
2.996760879516600085e+00
1.825769577026367330e+00
-1.167499780273437437e+01
4.717645568847657955e+00
1.702756561279297642e+00
-8.501648818969727017e+00
3.130660095214850003e-01
8.235885925292976140e-01
-7.644680007934571364e+00
-2.808122909545897272e+00
2.803691268920898594e+00
-7.729348831176757528e+00
-7.005151092529295909e+00
7.780041229248046974e+00
-3.849321914672852785e+00
-1.142526190185546753e+01
5.596936203002929489e+00
-2.137664627075196222e+00
-1.158964973449707259e+01
2.584169570922851378e+00
-4.199433975219726278e+00
-1.257345744323730230e+01
7.569856933593749559e+00
-3.616301483154295227e+00
-1.633043670654296875e+01
1.079200366210937467e+01
3.851412200927732954e-01
-1.916967840576172222e+01
6.567034973144531662e+00
4.641209716796872442e-01
-1.916800531005859654e+01
6.417394714355468821e+00
-1.647636962890626222e+00
-2.090599885559082338e+01
1.236234838867187413e+01
1.120747863769530284e+00
-2.527804835510254122e+01
1.220327529907226527e+01
4.245017242431639914e+00
-2.682743218231200899e+01
8.138280395507813125e+00
2.732397415161134546e+00
-2.640570755004883097e+01
1.048335440063476476e+01
-3.857210693359363063e-01
-2.630887684631347412e+01
1.620430838012695318e+01
-4.350321044921873437e+00
-2.179036705017090014e+01
1.843263967895507704e+01
-4.404092330932620314e+00
-2.385944584655761957e+01
2.090841879272461057e+01
-1.872487869262698723e+00
-2.332140374755859114e+01
1.555566821289062496e+01
-3.940595108032226790e+00
-1.780486708068847435e+01
1.309112750244140599e+01
-6.825502212524412471e+00
-1.312364733886718682e+01
1.311323171997070247e+01
-8.196666305541995712e+00
-9.953217315673825283e+00
1.203834197998046918e+01
-1.085049224853515426e+01
-8.919308578491211392e+00
1.581516290283203219e+01
-1.246029010009765869e+01
-5.760800796508789290e+00
1.520030813598632768e+01
-1.628344595336913869e+01
-1.162597320556642444e+00
1.707261093139648267e+01
-1.760444863891601841e+01
7.193832092285141755e-01
1.738297860717773347e+01
-2.087546136474609426e+01
6.223699554443360427e+00
1.718237313842773517e+01
-2.201651644897460613e+01
5.669542938232421392e+00
1.995274383544921903e+01
-2.563831064605712839e+01
9.492614013671875739e+00
2.233821771240234355e+01
-2.418876644897461148e+01
1.123692663574218642e+01
1.762461405944824122e+01
-2.364647347259521837e+01
1.335459555053710901e+01
1.417933013916015739e+01
-2.114834669494629082e+01
1.435612255859374997e+01
8.357150146484375597e+00
-1.872292286682129259e+01
1.042078091430663989e+01
8.338230636596680512e+00
-1.846653236389160213e+01
6.603702697753906392e+00
1.224049665832519551e+01
-1.616653164672851517e+01
6.808170730590820341e+00
7.703876022338866925e+00
-1.339209980773925679e+01
1.996756439208983380e+00
8.037862365722656222e+00
-1.030268971252441546e+01
1.256662048339844517e+00
3.109041152954101772e+00
-8.814004188537598594e+00
-2.100128173828125000e+00
4.178044021606445391e+00
-5.002428588867186221e+00
-6.271225105285644474e+00
1.837113601684570163e+00
-4.436140228271485242e+00
-7.417741714477539716e+00
2.094074081420898459e+00
-2.086518226623535810e+00
-9.336298492431641449e+00
-9.823150634765642764e-02
-1.916875335693358551e+00
-7.730327880859373835e+00
-2.259108192443847862e+00
4.268181877136232316e-01
-1.008338786697387768e+01
-3.941538528442382727e+00
1.888678150177002024e+00
-7.739593544006346804e+00
-9.366355827331542372e+00
7.777065238952636239e-01
-6.023786293029784744e+00
-9.258063316345214844e+00
4.545219425201415753e+00
-7.777663776397705675e+00
-1.429143174743652267e+01
6.189739551544189311e+00
-1.311683995819091741e+01
-1.123821652984619135e+01
8.582409255981445995e+00
-1.673420935821533106e+01
-1.156088847351074200e+01
8.394691032409667741e+00
-2.041608343505859224e+01
-6.983165267944335675e+00
4.463403127670288129e+00
-1.763563359069824088e+01
-2.821930183410644499e+00
4.719450124740600216e+00
-2.209753519439697200e+01
1.821207901000976515e+00
6.936371154785156534e+00
-2.443186797714233549e+01
3.543937377929688992e-01
4.830739757537841683e+00
-1.945424369812011633e+01
-1.421317016601562067e+00
1.262447177886962812e+00
-1.812833059310912986e+01
3.730710021972656332e+00
2.847022472381591562e+00
-2.318401671218872195e+01
6.570614761352539190e+00
3.684400688171386662e+00
-2.238128501892089872e+01
4.082889801025390675e+00
-1.118821601867674431e-01
-1.735551537322998072e+01
5.414093856811523331e+00
-1.610687515258788949e+00
-1.973945971298217827e+01
1.095410551452636660e+01
8.446170196533202557e-01
-2.386447989654541146e+01
1.109704100036621099e+01
-4.930634155273434516e-01
-2.001267710113525311e+01
9.177347015380860284e+00
-4.353050308227539134e+00
-1.779829028320312645e+01
1.385503498840331993e+01
-3.352158424377441825e+00
-2.284926780700683580e+01
1.778125079345702986e+01
-3.676728946685791755e+00
-2.532084974670409849e+01
2.122557962036133006e+01
3.986311874389647514e-01
-2.912993639373779331e+01
1.797569946289062415e+01
8.341817321777345029e-01
-2.529588589859008962e+01
1.275974250793457010e+01
-2.345901100158691577e+00
-2.192825038146972716e+01
1.484187086486816476e+01
-6.207841796875008811e-01
-2.655976403045654166e+01
1.693197357177734474e+01
2.968270347595215242e+00
-2.775443776702881138e+01
1.159045834350585835e+01
1.294069107055664247e+00
-2.257606120300292929e+01
8.777347793579101776e+00
-1.044932647705078210e+00
-2.194966552734374687e+01
1.243312887573242165e+01
1.963000747680663238e+00
-2.675005786132812347e+01
1.231772702026367128e+01
4.035583099365235071e+00
-2.508170632171631098e+01
6.525991973876953622e+00
1.105334091186524148e+00
-1.957710141754150612e+01
5.687691604614258267e+00
-2.435655441284179545e+00
-1.677734887695312693e+01
9.096757919311523111e+00
-4.815761566162109375e+00
-1.302288278198242111e+01
9.238550094604491392e+00
-8.114583953857422927e+00
-1.187160745239257764e+01
1.408703999328613321e+01
-7.471899024963377656e+00
-1.459192004394531139e+01
1.600775245666503821e+01
-1.040091744995117296e+01
-1.114255026245117364e+01
1.752646087646484574e+01
-1.014996337890625000e+01
-1.511396552276611160e+01
2.161606953430175793e+01
-1.277236606979370137e+01
-1.541230906677245827e+01
2.686348440551757832e+01
-1.034770210647583077e+01
-2.101905389404296898e+01
2.876467935180664171e+01
-7.296592811584472926e+00
-2.224402896118164108e+01
2.446411325073242082e+01
-7.029235542297364248e+00
-2.292582452392578318e+01
2.474671533203125051e+01
-4.871570487976075725e+00
-2.230248224639892385e+01
1.999546249389648267e+01
-2.329657943725585767e+00
-2.623171150207519275e+01
1.975165344238281051e+01
-3.251642761230467471e+00
-2.210761145019531426e+01
1.674185989379882855e+01
-6.842906982421876450e+00
-2.059582525634765915e+01
2.172348425292968699e+01
-9.025411468505858181e+00
-1.531264654541015346e+01
1.974079055786132741e+01
-1.293440417480468696e+01
-1.255902015686034900e+01
2.389111810302734540e+01
-1.408032475280761631e+01
-1.155992106628418270e+01
2.488752203369140403e+01
-1.467162746429443487e+01
-7.176586380004881249e+00
2.096164068603515673e+01
-1.846795695495605472e+01
-4.407821655273437500e+00
2.488386428833008068e+01
-1.930226592254638618e+01
-4.256042968750001876e+00
2.627011737060546892e+01
-1.820651325988769642e+01
-1.232623229980468693e+00
2.074988674926757781e+01
-2.162530117797851403e+01
3.625105773925781705e+00
2.156793194580077966e+01
-1.944443707275390665e+01
5.107737335205079887e+00
1.578686645507812614e+01
-2.166241893005371111e+01
1.054545486450195213e+01
1.369312701416015621e+01
-2.119990875244140582e+01
1.140960650634765727e+01
1.183604747009277247e+01
-1.964723365020751800e+01
1.400801583862304689e+01
5.949079971313476989e+00
-1.803552420806884626e+01
1.482194334411621028e+01
2.000198974609375124e+00
-1.405715723419189445e+01
1.182805229187011697e+01
-2.004073013305664119e+00
-1.256363475799560447e+01
1.358515484619140601e+01
-6.814618194580077670e+00
-1.120133790588378986e+01
1.562618272399902253e+01
-1.170565090179443324e+01
-8.758706512451173154e+00
1.666737350463867173e+01
-1.746956752014160230e+01
-1.207300288391113341e+01
2.217493179321289176e+01
-1.759293898010253798e+01
-1.364546063232421957e+01
2.057806121826171974e+01
-1.281869300842285142e+01
-1.025582122802734375e+01
1.746103775024413807e+01
-1.558046527099609335e+01
-1.020040710449218579e+01
2.167692807006836020e+01
-2.052375056457519520e+01
-1.408131503295898312e+01
2.524839233398437699e+01
-1.736479122924804841e+01
-1.340932757568359079e+01
2.169029650878906068e+01
-1.453714726257324230e+01
-1.029571394348144509e+01
2.104372030639648372e+01
-1.961859613037109540e+01
-1.270654055786133085e+01
2.659680282592773537e+01
-2.148407336425781011e+01
-1.560870999145507909e+01
2.706194561767578222e+01
-1.658982152557373269e+01
-1.262568753051758108e+01
2.294349517822265483e+01
-1.744147731018066594e+01
-1.148154324340820409e+01
2.580710092163085889e+01
-2.286875821685791266e+01
-1.531295620727539131e+01
3.062102697753906355e+01
-2.122865208435058548e+01
-1.566178308105468631e+01
2.801565216064453168e+01
-1.758537854766845498e+01
-1.230752699279785389e+01
2.626880718994140551e+01
-2.185385778045654348e+01
-1.037282875061035270e+01
2.084840753173828176e+01
-1.925015570831298817e+01
-6.520054122924804574e+00
1.634959730529785205e+01
-2.129193295288085963e+01
